760085402692707
760971750835431
588151797733713
673474450812107
677247809890333
679984788107545
756323901230084
757110773726892
799446876206431
672682017937756
763382431678260
766270496817244
579555551933751
604044450102859
820215855318390
1050332575083273
893871234792049
894941818909734
1031191397478885
1056902758447441
1057700785244164
1043834083428743
1098845503566863
1099675914917707
1122436648032137
956050411150422
1056760139109254
892711264528226
928900735399987
929716346727627
935745418159190
936561482474666
1033733117832000
1034733663592269
1036630345106691
1037514316256472
1073573135810462
969956151556405
1219551785387309
1220129331153865
1220643500316622
1314340543333588
1332017654657591
1335187511091292
1338052384873454
1305690538421630
1308949769543580
1301506312247242
1304654166576524
1307025671037936
1348095513443409
776529996808575
1530016092022613
1864460131267158
1719649808903632
1989031571795411
2017742275466463
2017764643148844
2020164423995936
123071320851976
21355142569908
511540329633333
512837679117822
367541194218770
369717176028403
776934505792002
781464915615436
785310877007207
788509441282332
790950111151960
780485384978957
663886029923295
766061121008643
770657253221408
686544967707780
689078155607487
783335668979302
796955634558336
761270537348742
762098077839508
772189211994195
772732317811399
773012925801077
776502747058961
803275312620566
1344811713438264
1356372364177534
1229967213316149
1231074699164586
1235442639709555
1459512048062209
1243655482899467
1390247554641712
1391279301717083
1400035443893021
1215027646207584
1216439065583671
1218170329858309
1223217290690783
1224005572130039
1262420180537376
1219272256228818
1253935712308836
1266192469569639
1404910940858920
1204038127719441
1461083912277549
1462221373813628
1599744750408612
1501072955976034
2202961093139592
953717398963945
62247152841193
430224151685382
557108097637917
546988954235938
550469599973227
560214758866748
282378940250031
284593456156682
289517915030383
580362378652177
581369767010079
819263695488887
776091348796316
657601230466437
967956486853018
1900514390373896
1720664612595132
1722692252625006
1711091367592953
46544016657700
50127068521653
52736652356250
276552433873627
99634028063936
3709135515482
233566242986748
155117581400242
159844190351727
160683084092361
253196131350384
9598247505363
40394733157110
58943313196219
243447058066694
157702427800916
158600549131888
105338255371878
112432411743241
114868576145454
92716906420202
462805565218894
325542491529073
341808673688134
537657094455735
541046407006612
543653312933634
1124011380210418
1122112256826526
1101814630344104
1022528909886934
1023688191464063
1231592086397313
1232315812196744
1233196629976182
1235173377332066
1236099093214679
1195394856654670
1196145307858466
1245669472130430
1247031572340600
1247430028544450
1250667069247864
1251500554297023
1136430015453931
1384179690706218
1240105218890917
1242544968809149
1244330475713650
1321124717054321
1391060522359285
1391647669842434
1392237253254508
1394875871676845
1271039674017148
1271915894017014
1257313842886553
1259378862842266
1260149651071083
1438169510800770
1439261507706539
1447825673663547
1448704770513190
1545480213731369
1546335049971291
1549586261627057
1840876115750442
1841319649130325
1841766610120013
1936528246999561
1792353128309005
1849489792542534
1888303758805926
250407457897965
2136286709915227
2136311672567450
2137971371517915
62124597656098
348191799818048
353530164740564
877645168057028
886372935815360
890103694762093
898716646997639
961240048155165
1099050077546364
871542752739506
897233388126744
1113177527355089
1113865409973577
1114805518862309
932518243634080
933260292249063
1039727906128027
1040023228232142
1043145466049526
1045877344766437
1046529248110580
932016168258042
1283254505944098
1284106986493971
1271597923246354
1399086132615749
1400025286155036
1255679439342622
1256345981381096
1258084834763012
1258968384709647
1531931073948484
1558216051352190
1559057600402612
1417215613083961
1763881817808078
1770715295250027
1923816598014084
135329183253913
136464477455013
50312382331124
121360989905339
123543104946062
154562218414898
156986402658968
214635674353447
221064003966114
29583260518970
33053106019870
33923062099967
148209793086602
249841771213372
251267988380516
111865096456945
112853946485550
253187922846022
255036141465792
255882935214265
520218798339868
527181471949906
529608527791390
400426097889608
325298808189972
326743269549239
328827152575673
329596664957596
404715975589078
533210630115510
486283343372165
489798712770510
490636294741897
744006823162155
641836338654070
779877817087607
783074640885813
788706683716741
842800819300052
630590076176755
574562385667964
1076663392213527
1068917639851067
1262008701677150
1265598506483751
1272568538572804
1273093247441871
1341667181120049
1342602954580208
1349624775130699
1305715885792509
1356062048153059
1404035359468270
1404804088579278
1130941845344868
1384997631101523
1410017658476173
1611154615054903
1562648203801305
2209151967747209
2098799838369901
2106245209755964
1976620839283728
251458786437901
257408837812983
209252769869136
466611798590844
1023948147404621
1024466338464830
863743717150912
863768843496663
864900056922478
1344389902731571
1345383838121891
1146460921070623
1168904451472720
1170116488019856
1172984838342040
1630112918213060
1638765766318855
2184818755070136
2184839237871992
364305691699223
1073527463707412
904791250211415
906076923759417
944594363940471
1083295828605850
1055834547203867
1055896772960123
1055900217022886
1119648174561573
1119664572844827
1218317634613116
1219632817610017
1221479440291863
1222107774316453
1158440078319852
1394343871932376
1382550546401647
1384846427663539
1385887522724172
1387739371645119
1418292205239334
1419334495500641
1554580388166301
1554814404098849
1441833354903340
1442850117122493
1547808059737004
1548309830406386
1550243937692435
1486341634364580
1487169746993390
1568540777296232
1581421158947355
1674625484141599
1675730489249265
1678102240587340
1678891719368422
1520131456017635
1520962358061098
1570304557050499
1874377405167420
1878880377178875
1766570561435911
1833839925791316
1691946301408625
1729205996859469
1734253600770058
1780707544641166
1781475422053279
1702615020894883
1952423064351636
1938694680903674
1939191803327818
1940778052646992
1943223472829950
1944062441501191
1840579928583681
1886436150288468
1730235469402173
1731008101174060
1961373138820932
1963486947622522
180947493434862
13049590099002
432826809808694
440824184240562
453784305050567
819352777367735
821037654916135
807971391180394
660352573344056
661155319697692
797081146508196
1052070389891794
1370567349001679
1318397737233884
1319369149257448
1173466358510953
1174968436488765
1309356556476614
1159962302570379
1516311735136235
1613169720714753
1614157927734363
1570084872747830
1662719261625430
1794258180905391
1935158502834714
1938351789114148
1941427048324062
2156169490383460
268027924101166
181682042092287
212940833074001
216526397495972
12204606115716
95578862146159
46826415143346
158096669793208
166178666322910
52622161720010
53171295275617
847058193037777
884640579571370
885734642131816
965932882888200
952487214989495
1253256626354927
1254780743107005
1234878089594364
1235586532526850
1450833284165003
2215309829555088
105998961236231
107157363835479
94221832160083
420297101311587
421263411772402
323025193117439
323046741607753
325858876415679
327629706004715
328590100552636
406956648168887
410728178870484
296236925573640
296887587735593
317313954268353
323226530690946
324021405116821
538106582289072
454009794917361
456238220486905
682986537899690
685002008693382
778514418687158
778868593963223
665845585734085
766602535303502
745033131975916
745944704213870
969354083649083
1016872846238096
995993988816907
996880592100754
850177679530117
851677013831826
853594648557304
1210330011041486
1134626484627854
1424339457557164
1425444034599738
1425883179220767
1426095291206007
1426999384747831
1427527211040395
1509139155211794
1509159807020699
1512539635272386
1582676601018377
1631276054714557
1632081106471363
1745495716304508
1870388964916432
1874204074303719
1903259607895434
1818457720904284
1954860971946220
1956237698605842
1958439378083680
1961006198238332
2133950817330035
2111938283938985
2112950355423163
22195548668777
29265986583859
174127320902620
205302443139968
205323602444857
255344668670590
255558036420069
258163650190732
258379462827564
259534689599580
259743350159113
49164096660883
134627575262883
2728341675898
3807855249633
5765708172784
6425350965357
387778929519159
399973162532999
543582798133850
400037143613483
523810617889464
524514271154636
475792698999389
476214028924390
476638625126535
477063815272001
477758785317014
478178202993146
478262244731195
480583864017983
481256973603441
309064040790211
311356921130852
502524636964648
502707899803772
503150818593096
503419652117660
504141759326333
421496383883287
422327539994091
615057367794890
615336685399730
616048168106008
621335315458834
623782030117047
734325275506300
968977302860096
973134542917617
1108636496576044
888175031404198
904511894294685
905349853111519
1042690781907380
1356593413125094
1356787271916039
1386349811480447
1387854781347129
1274476921398230
1190943150858437
1236282598858645
1236738526998787
1460038328861986
1461032794932481
1569742618302762
1628784143771777
1629587535535171
1453520663570571
1454501144399183
2047837667250181
2048801013463019
2077268695029280
2230912368906675
2231961253456514
2160523244180973
2182062656247968
2185205130371226
2187461278079737
2067209937966461
2071756586267940
2112933795342586
274764786520875
132762340966360
186354043433438
63613093991526
282166048575438
375420762821667
376450664037382
333115526392642
334397817011292
471144889470771
602597115796234
609855259732021
737947170047833
766568307357592
622273940854159
622708173506076
623547598415753
624787803046244
921366589210721
1056551207716554
1057420656177263
1313882716788374
1329541551165327
1330515795378181
1190326717187869
1192544575528427
1502490944864945
1506025177826028
1508476751935207
1688373434616899
1410095919255550
1412410350611003
1578386276661775
1587584969222136
1752762821618055
1756653639457031
1827287818823218
2235387159165725
1991517511145535
1994997219053138
2239703212242065
2240927377945326
2095142091690521
169412882696074
180911173169749
806447616655500
703700526789011
704954259053174
608896519232562
615532526934758
579435670301204
968031095753232
1076184369598075
1079549658421894
1184833798097507
1185676788158312
1263110132111608
1215647441964391
1366395771280350
1380258974782865
1380281906782962
1382134005005261
1382153252870434
1383523294911095
1383541653374568
1384664468974451
1384859542711039
1388892748964044
1388909721633011
1390098171358912
1390259432628449
1391340055922989
1391539283660224
1392572835582506
1392784402171671
1575954197590054
1575973730440880
1577514105997155
1430371648619174
1614393909252007
1621680462133853
1469760662941603
1489519050945080
1490567568696285
1599143184894670
1693678462945114
1824659524888763
1832319811797643
1834152761173191
1835035602232219
1848259122168253
1849406501141093
1850299849547664
1867038995211867
1879537239965746
1792333617309668
1760154632656756
1866717123609313
1885076980870523
1769874311590753
2036660617684495
2037768546366963
2087450228851626
2093183634170704
1976361894034481
1977379097495279
2085471688190062
181727929373138
120119343717105
356152024041961
359172084454286
424641613243932
430123912939617
460422370537694
463714235969250
481825037315323
644785283963015
645063792458761
646088584309510
695294185996779
637835611009428
712348598296778
844473769306554
853526820655206
854051104873587
943795848640498
944863526652350
950619357482948
951394087379867
949217385941011
1611118642054614
1562230999621921
1566626613709070
1589621416569891
1648213611554919
1678827811549167
1679518426095807
1679745146580146
1447432421856555
1447447330282927
1448968430078084
1631869288557300
1632545628508909
1633708885221363
1525249597375119
1526622511652431
1527728183056118
1528540617126838
1664462751898738
1562308021346436
1563072682538682
1563830585244657
1564900121178470
1489326419131318
1490045599959836
1491154626946087
1491930288585301
1671891921070938
1415964623351962
1416762051181875
1589883430401744
1590584929862435
1623418150570801
1624944143074108
1443927185907704
1444942238776316
1576843161799457
1577877331337232
1930556821878257
1885602416632208
1886343964196942
1747550678719876
1931260943246244
1931789653184713
1746329130738714
1747295396446197
1884189751646453
1829502032519236
1834689192211930
1840831319295224
1841759977206705
1924628704171884
1925155832262707
1925788057239096
1795616955799433
1796409448250674
1699552179903657
1702668269755096
1801485897027131
1802277090834514
1826834539395455
1901173403621054
1901966191749771
1907863888225384
1910650119155137
1769446306228399
1774963146789448
1822315633736402
1822718357684639
2232155782929476
2232947807704565
2218672097677026
2147188773428002
2151384906968644
2156442736684482
1995112948703549
263231823880216
264205678787541
274266232845638
275110914430398
119613598380036
76696934183567
169465038970656
170706594148952
27144097989563
29596345387267
472733521962865
476254622239574
524552645934953
495448149417129
496658344661257
351140619855020
354007429904705
303964175131961
743357990977366
743650638548880
1172228477286999
1173444127858341
1217642987596378
1569538664182653
1605031671077711
1610074465746840
1657216370428369
1471844882874423
1629051401711832
1629940137669439
1485089953726626
1488005234039072
71498796158889
72683859458467
548286160855032
402020519651511
405575212619015
408682021637649
309566816582925
310438751857226
326202946434127
327018566495753
524508114704234
525317377453561
530032198613098
442871752764329
540503617034556
543586262323019
546125605125172
608540099558528
612097715157556
614934748747321
741390429119959
817341911639694
572853216084286
573634909290241
643904863027844
644601725552429
648154013361126
839673479098108
840203744468476
676710358236566
723960991679641
725054670742465
753102875884120
757469738786787
580069269931034
582454045821164
618940269619896
675835757190250
813323252665379
605311977407644
1263676701044902
1127787869391598
1280475351855460
1245697979748529
1352847829241429
1352986394511781
1530000637664918
1531164152598458
1669983429778293
1677200259384026
991364415090951
1428848223397787
1973359656560178
1113766498955827
2094183169288894
2095241890131249
2231877049654727
210715179573060
219043111161921
141950807595262
142961599392466
279555391048793
280916516491262
497592587036535
829196288603235
910164837786548
925446657717515
927263142231691
1033574739257063
1124186110739465
1109772770825233
1022350361682710
1022372975470102
1023503228770229
1023832539033733
995798567882044
880288058940845
880308470821694
1133318231770203
1362942746307446
1362960923029554
1364007509441703
1181938393441928
1309652098274481
1309671076185427
1310610235308047
1311011624622870
1396489470762307
1400517585934675
1404318599571948
1404341325823961
1150451846275414
1151148446936757
1152656329331925
1156447595743756
1156468524606505
1157199550910392
1163464892709926
1218146468711352
1219102650905883
1198268212487075
1199687765530109
1201362645106878
1202288108388395
1254549094828277
1257076425552393
1311660632816662
1337549105957603
1151947156442496
1549981969744883
1230000662798419
1376640047058850
1377385697074429
1197022007938406
1197100103170899
1197254286900616
1197521955333111
1197943051639191
1198630419121118
1360315436335078
1361140575922266
1361283833853333
1361579428369378
1454589841452232
1454800381077484
1423365080571847
1423377638320213
1424007282197102
1538241727520666
1538940896596169
1540844633137725
1599577352367396
1599592106207414
1600552338086554
1600812923090220
1534581446928831
1535030576929445
1425883476475020
1588453997237639
1593303109006024
1593443597226521
2078708329087725
1507542791983697
1455704278629837
1456382720423246
1668910043319419
1669125679548184
1669957405435870
1670201910021037
1572806916340130
1573083060375883
1456382745038715
1457233528059571
1457557050479720
1457949457310035
1458344733494269
1458995206213205
1575097335105885
1575303596007881
1576411418069495
1968370119713913
1794341955716322
1794923342267209
1795939150315591
1861162728937824
1850115927156345
1856338067420589
1856644876189228
1856768029261880
1899178581729297
847210122811523
1757098766071902
1757120090045915
1758424733709628
1764734884030201
1182748096943463
937118806770029
1060301318827993
1827194368764739
1827200502821748
1827333576998597
1827723944931425
1987816078328915
1987992715755801
2099245038041566
2099261456243552
2100014840137910
2100351072784486
2103171559734017
2103189874896156
2103887517955034
2108367190812032
2108384771828025
2109058786984060
2109398454906004
2116663399145505
2116681618835306
2117845580210820
2118216626490145
2121219749731471
2121235183271943
2122017686354509
2122296460621438
2124990643088635
2125008066410049
2125748935302206
2126013635433594
2106566766633041
2081439307033568
2103671025251713
2113121903335920
2049769968869952
2049949284164307
2051046837550004
2181501619071272
2181519985821513
2182622909773252
1998567872468740
2000845618989562
2000858179472288
2001064001979616
2001302043268751
1061508313593771
2200107151844359
2200126205424458
2201199895621837
2201526226824926
975050950679083
1978652033943262
1978667516372297
1979776299140354
2175485927722259
2184097121298304
2185464173510481
2047373771806039
2062624352558707
2062643720452254
2064670752798311
2187330882064150
2188066193655334
2188602780342394
2195004028192168
2161206716340749
2161225823848871
2162525085775328
2094795267725575
2099020752357098
1989793038054030
1991110152159972
1991292683844773
1994126386738738
237875795394498
238551360915084
240861994817024
242177388955393
33732965274309
243780490052531
243801236992741
277158929354740
278541876516421
278867874405298
279210873831598
279515017484831
122647862559324
122757575522740
913907541785511
237476908065752
241209654182262
242147471555936
248412161182295
434734873674548
390865924852281
396783186247184
947356401073191
367636706317871
370932192862535
373425042368017
442151584911195
446176319305737
448581577481661
1291905659513381
447781814612701
450695156873378
352112713396258
458198888126933
606740495514049
807830852006077
625517010739023
625539312195529
627254439778165
660116568225544
660136132592664
661040590722292
673560106351914
673575899936919
673586982500524
673850247786910
673856459018347
674058764209672
674367310099040
675344982410415
675854584850862
676656919537199
677066707799347
812337330870114
814424048685207
598346454049948
607306244872687
607322486507588
608255920515447
1201952512658859
1063406267064613
599822309289418
601050196709065
601945883204677
625780873246053
625794921258822
627781259519974
705535159789366
705551954134269
706641131218717
769320074462293
773760458591478
773778633047117
774618252454020
774874981382111
592469928601984
596733749776472
596750649026395
597763978161178
634472046906245
637135357389865
576821933767369
577584692616404
587152514600844
587169910712833
587861493489150
591321020866496
591335417140617
591994612833580
592334536476687
596510045243429
596720192192937
597641430191785
640822610788387
640840186145213
641688493502524
719930029359525
720022755093011
738807871812071
808542179861673
808948247968966
579159813778895
580393784376017
666281825730321
671612888563574
711832444736425
712384945365010
714528367850794
828849197975902
828865158112980
829720948779333
621307865639364
625637424904762
625655320206811
626689435932772
886495141651213
890732896951119
891444165488771
892325577342847
893062537894230
998527421597102
998541622162665
999676102407982
1008556129174042
1014277143956903
1018468758355314
1018838733311881
1021020349723261
1021034370190850
1022137504488831
1024719109228761
1024733453774739
1025620497650242
1121698940201775
925734138138567
925750695246682
926623418687022
926834381607651
977834803429914
977849805774269
1016688423233747
978708617171654
978912877454185
999190114636230
999210476992956
1000242260511816
912081900179906
912097136004053
913466960899985
913694590056892
985150705702660
985169301698150
985992981008503
1109507640725338
1109523318580010
914640439522746
914657624852869
915484602978751
915694958919914
845050427700736
845069547669390
845926288524560
846132670343219
987256154332455
987543264846715
988014126878158
988256746135585
1053368569829125
1053385543560091
1054418050380794
909140805679241
969802534555606
969822936328881
970824018151840
900534242962669
900550053212494
900816238889298
901024336482161
901450415167872
901833683043097
1030456762153934
1034633054548469
1034649720859684
1035689918732797
884911094638683
884926814404355
886043187221035
981125833146763
981142333613866
982057310325453
982312450819072
933287648542492
933468925902021
934271072292206
934503146996220
1035050399434697
1035072043252096
1035920615426360
892574872869648
896694666121951
896709883012679
897822085449474
858277291199167
858298194372558
1040542655201159
1040563130490752
1041438803404883
1041647664781068
988897382559604
988916503211021
989748044836637
989952545369560
1123896426065841
1123914495919022
1124749253332926
1124958511945557
889769848457689
889785557482133
890777587706392
977768529726149
977787871222524
978591546423756
851662794275431
855605855905494
855624421752873
856530030142836
908444891622048
908628365590014
909423227036330
1199975706783076
1199993251577936
1201038178284308
1261955293599721
1261973228132904
1262776832876118
1262992369247248
1279197494567447
1279221553289630
1280014687687974
1280224826920287
1360715895050327
1360734466263333
1215341834363656
1215360460265368
1216151243618390
1216355557220498
1147095603433773
1147116459021329
1147928648117153
1351125276382090
1351142088575157
1352146672357884
1352373193915773
1206372230650966
1206396077351095
1207263099307360
1207478495518937
1187160688547804
1187178910033040
1188252021935748
1287741378227612
1177492991136751
1177516347348714
1178340754755471
1178547852427057
1203128367279857
1204153246977592
1488367580152958
1814649179962540
1017310753958703
1818508521278646
1821165264314858
1736325165205771
1740735788325954
922179740227815
1745296832313030
1394390203097031
1855848792101814
1925125560471879
1705133283998244
1792650442222155
1796729135720458
1797657579626562
1934911602971810
1717576087301687
2053527421282287
124140217764933
194921574547075
210566144839947
115483482310815
116624229292990
540946739057778
1512885593439413
720329852788944
828085554119840
675276966950762
722633767275438
922088111026589
1060252175365161
1062652819982171
975197824267438
979829926014530
990874980743010
857088480173357
857823680030830
1274375694885062
1281033154516043
1283424818872960
1226952534404714
1478026370225620
1507477629940793
1601710734044243
1414449559365692
1464915666754219
1465656120501654
1673257434440436
1486197354405147
1947151651533270
1932231161786168
2232801819617781
2237589706883760
2242425163947229
2015786356099008
2019063395235775
2021320211745970
2065286929361368
163469111712818
161822164121208
163087609157878
270704579201167
1459048234008993
339426618855712
398827367033426
399707253134255
407628158702465
408544094561287
505494742817415
506551928613759
506938091356849
311805603432850
312269545435300
784017681893334
784729449380007
608717008406219
1685711356858436
1738563277587699
1739756997384795
1876829506818601
1916855099689978
1924472217603837
2137056520365065
2137586764045230
959630716668023
2072758491255638
1048668052333009
251503124923938
253259496999094
270839866144939
63748068000912
64883509871199
56097857455481
57580837465063
58591461076872
181527515535739
182399733543033
33181443311447
240028831487454
533866218090739
534554797459354
536372649044269
537172420826307
625367026023114
626204641610781
731296196696775
732299006977692
734484793851746
735262573008363
801454297775164
806785845073276
810958421759502
600272575413346
605492391687487
741091741469161
742873209540047
745103800699701
745850853276267
1285423843012097
1087151307451905
939955722654324
940218947622973
958191879300151
1108847253620053
1110166331744959
1116972374370132
1117857288588933
1056104463421355
1056795224160293
1118153081674920
1118577854329063
1120686425686461
872282960936203
873080168467064
937340638885362
1007401702902202
1007758333732136
1008982657496351
1010068969899699
1010560229947547
1016262838657643
1017004611906806
1069487126659529
904411497264197
921433430878893
950701968331917
956012276817134
877040677701094
948410254939212
1076389925679412
1077212451214995
1079361100882463
936390169893817
938236837884492
938951641820037
955183729458127
959266754416893
1082639372677574
1083189757902263
1085994189610621
1088044537232521
1150630150383454
1172433209425761
1203260109941874
1204001553751796
1254524445861232
1336248979596680
1353195177327148
1395896132225783
1396749923123881
1398546047600703
1399412225214396
1271736644942698
1272710177058213
1274714899801704
1321956428027756
1381977054461111
1382689038868370
1383669318662976
1386164559385616
1386906419242153
1322296559621706
1323157331309644
1177056552604828
1286552481879995
1378195770247604
1389059764901810
1352944172563631
1272703935741360
1276847732839607
1137962028156421
1139448396171982
1142413643659458
1142983405212763
1374332871160520
1374885777998319
1375203304913130
1377452634901350
1632681878281356
1683218778301863
1686233549913044
1687366246261607
1595831591392092
1469471881139924
1471630065320432
858053413718523
1777648536746166
1738660753709864
1740056643576380
2210776269201019
2066621230245995
2110315160153120
2130191249515840
2213178248417016
2126978227487075
2171644743439026
2172654857131532
2096624520245492
2038662412199968
274049581835059
254191588242006
128151887362866
53447206862024
516064041204689
501649026917844
766982606208825
768062386240812
620670172161617
663916232975285
670825595020633
835883525897951
836704109573137
604831033429224
608511514804684
608940666667076
609609120575144
610156770812812
610540992424031
630764602458829
665533667265042
666119018754443
1097772741312963
588651347085601
713933461275650
672499641071243
816404351534342
634558715687583
771260613542821
808549020213292
587819012955932
983763682453368
855695005401694
858693999277187
1033717033374210
1038118311921535
1038744915431471
1042604824611956
901251148397058
902080570211485
1066446717781307
1066830061277844
1068763044377494
1108970967633640
1112106209781870
1115399670681139
1117543967137824
1122211108132846
1123049602203430
884420801808461
885233354973132
887979362472103
888793452701709
1002248739796221
1052002242579543
1052519955269883
895281833059898
898022550966591
899362064449384
1040748095528035
1043880687379302
1046356774295950
1037615369584612
856495938871946
874577066210958
875434835990474
1222939792244405
1223142587601821
1224849299635168
1161139817151752
1489617653847976
1416045599581651
1416249701850836
1423861853449049
1520831102301212
1035172482827985
1722706010124021
1723606358118496
1724166688473161
1725355900313188
1725564954129554
1728461722082933
1728673694455247
1728911504978103
1730342213481450
1730552540072625
1731371737514945
1732172803220600
1734655439271878
1735423679396569
1736319381454641
1736468006489837
1736504983189664
1737264623269629
1742103222173460
1745339464309296
1745551924306107
1746334476223068
1746593192710403
1778662308025969
1766788499160859
1767296652201045
1794538977775805
1794555862266034
1795561091372040
1797092290128413
1913160858893215
1913869497003855
1918815589440440
1918816339300850
1919020117185265
1919032801103754
1919242676588433
1953249203317465
1704258142700354
1723948409988666
1786529199866449
1786784800087120
1839334550131904
1908626327447206
1908837316874646
1908849107116043
1909405328054886
1912057673988452
1914639340928003
1958139429548237
1958421928877479
1961338905814594
1961615348458654
1690967492126342
1690988121394950
1709014748302889
1709034214882218
1709937965671217
1714159303016855
1715035674966454
1844009953482415
1896246819167978
1919952367534396
1927921868890273
1933205445814195
1957378774187231
1772712621328603
1774137826064941
1796831559875057
1045890099125255
1706793308345908
1930647077223261
1931556594836548
2062519002424138
2062726828917971
2063579254586649
2064261392489375
2066694929941278
2083695787853855
2179020062662660
2179846235269918
2179851001721915
2180121463326527
2180435391777764
2102428304943282
2102644365638356
2113896145683559
2114480276492475
2115174937799368
2119442483335440
2119654478634295
2123633494368439
2217089522133465
2217272997762633
2049541946395095
2050577650395812
2054455896690200
2054503465821348
908890037976907
2117525029683753
2118289837668988
2119097966929576
2123669272835162
2123884837737884
2124732704829132
2125036420303707
2128565679839951
2128783358010095
2129596402761676
2129822660977652
1977514968090666
2035714939198524
2081746115976998
2110960084129392
2111149804003036
2101195177877215
2102033266242092
2102800778249474
2103404541494262
2175318079169853
2176125419526129
2178393067812331
2178577450142562
2179063919205398
1992577433169325
1992787408577073
1993913234625109
1997027191904678
2002917542882374
2044636752504470
2060073196631759
2060754749597330
2061708717931729
2076583730118029
2076793135925470
2132472171491824
2016668869477495
2016880388561320
2017709268000684
2135926087427942
208320592883020
209129741368619
209969892893980
210097390342971
210521734673469
210866948078587
212360084397885
212776354018215
213328225893026
214377036615470
214895251500508
215259888568777
215647071580171
217034238002382
217452057264748
217926664191757
218148796103105
220082992419816
220525995590018
221255039095498
222850999501882
234016637133700
234286271000974
1290811183304093
69283216025932
1297705556425481
139018910806884
144876402690020
175154501122313
269421251803927
280856873901965
82730143612906
83055360249010
108936630659891
109421262514891
110142466075033
164608824436160
165514188020084
165767950223315
166522675682484
179071160246255
179760907266915
191149211753885
35407109186322
35508055321118
45110221802677
46925166487489
89906986887865
128309058707564
135086639191855
135531925265415
135879875935651
136302892144713
229669513385214
256973757851358
190175364179071
223166628222460
223339139723907
264824620917371
264848180753148
214458141147187
214474903421915
215396106972346
216091132197293
25046552285422
25063704208369
26384333987828
199341452705015
223585783141345
53510221256535
53796080609797
54797701217121
55873726497350
55893636818324
58795498876157
143388410614664
143918863883684
171347386522960
171365927310153
172488828294596
189466685751189
30962526382882
31608203754544
31804553704428
32543034436788
195849930250166
200533135319482
232660720585521
232855409529125
40369835073074
103453673562014
104219745020933
104932375131197
105710174819066
116827328110449
117341265423166
117545220911957
118091100451999
133024575179375
142716351426847
185502572678340
16192435552346
18895240402522
202350777600144
203282902630379
210814844555122
210838344833634
211501854920295
211714805847177
212759344878418
213069842094904
213946619255531
220458892536595
49817322518196
51752365055454
210767319017437
210788238947749
212001785493544
212399363206375
65893832883342
66016382490997
135994862730417
167515060141906
349785593181900
498076618453255
498231348905893
498352410365337
302888370024806
303104188008003
303232218051173
468132863731206
468415022879505
468680917907239
468893183891829
468899298011622
469097319434402
469461931240306
470295528747415
470942151887661
471500830948308
479720057651593
479737635260921
480647429279967
480959378557159
657346705972070
657552691139609
658345447592224
658608197310410
667936961278128
668152259756037
669150174098745
585957416509566
585977710929759
586817452437097
587507590581589
649941055804800
650124562352390
650763768845895
997391751659403
651095780725942
767413785244950
795246361494535
795456301656789
796257602939869
609605984865715
609817712493737
610482062846894
611302095684821
826198675246598
826409625962088
827521181342789
592491248254620
592705463214439
593464197325791
593687880841308
707488805677135
708295380784636
708536501193558
827036184407547
827252851348702
828217060295572
582186820346775
582398855202914
583817207667112
687837244994096
688048116733111
618595527326408
618804042332944
620462779586501
620674398456273
618462919385600
821065875554733
767068361513268
768032216068223
624310796071866
962689967375327
963835567972757
1101502867950415
1102680005971238
1105347588544272
995994492084038
1000526223598742
1002209716189520
1006383101549618
917613122041698
984491562546674
1011879591794499
1018058604149013
1383149264548380
1220769853206866
1224866938892899
1227483044034603
1281477941359762
1282247046152031
1287769544844301
1288628142264885
1290553728504982
1201268043530087
1203058194967305
1298810073794959
1298827601782056
1300284015333856
1833765086199860
1835047746127643
1943440770420300
1921536874345440
1922556541942121
2121841029652388
2124168731234092
2124968912523570
2214211925034895
2069643692252142
1669365178392401
67797309647756
71658453598970
175913220824753
176413731934209
358487295274390
359463100679263
390080848139179
366761175240030
369977429079147
372358387380630
458439300634355
461379491778466
463929254699243
508407462788133
511624581730681
515567971310550
780889369681305
636879319497334
639120856684867
593290873267033
593358921356032
594426786326478
600736128969054
600751211934833
601886946139855
823056663700465
990853833021369
1073563864764289
1079216042290260
1041519005605636
1041935607795998
1100541186122002
1136953603244079
1240016535120885
1273334227667979
1389039233881970
1392161511298981
1392175739001951
1394798186836628
1441582492367131
1442670782221428
1572376037113747
1574751950416377
1517233866842570
1672840192179914
1526893629355304
1528023953074039
1632287657242093
1600685289838265
1573151333811446
1574017203558552
1428444760342281
1562438872307662
1628617053225294
1629353061598694
927479199034691
1563609133056967
1337366361760533
1719048862120375
1719907244293117
895813861187395
1695474398551160
1696985495295203
1866214349699065
1867251983953915
1884253984448640
1195645336159877
1751329258238411
1752378515731034
1752667440969321
1910060267184810
1911578340076416
1766949209427417
2067227087534938
2163761808030730
164538296006241
164557248553130
102203372890338
45712955082536
141935280042334
141952420568057
144571840048514
89709509032504
89734225584655
253787083406220
253810765440856
137169747707468
137185882357760
10023807946379
11212986091031
356605751229642
358068257827147
455107376011843
456171424206151
462611000370518
463623813201339
281831848715629
327908424424948
332140667658190
314437253774258
317054376094478
584710123969535
593617436114118
721738090775627
616366588689799
629129915655689
629874615262167
708481239916319
719796017329855
720541342630330
763010949222437
763039586899475
763369956536989
765534933434410
766166486959843
767354406477696
588980372827022
590061139277146
726334408193691
727753333695260
804323653988480
805295108175605
608792590264453
609764795827289
610188996091523
659396910094352
703665594478709
796061286817922
818905308524930
1339453166997557
1340770869901108
1196282423124462
1199056725973745
1132821309619740
1633191352791997
1459712414406292
1548873677825393
1622708708997216
1623459780434028
1819471293663292
1821183803305590
1823166401466298
1823939203206243
1827085691502156
1831160325380092
1293592269682997
1693636258038998
1694277459330591
1817292604624416
1822867323653482
1823204290347363
1816569157828022
1819701474679453
1822059117916825
1822720953076919
1843111142263906
1844280468036422
1844859246235461
1845688693436047
1846236870766494
1847064445603419
2141951059868637
2127071592348875
2128191252782106
2161724648203765
2162607719855114
1982036016836078
1983053838601080
1990004416544018
2003100038392936
1060669377899277
2199996508928589
2091909155176797
23218485054851
24185681281804
197313143611866
198339455178934
200599575850292
201370843190880
122204878764040
258638719014635
260302520092602
111577664092032
114981723730961
115843601849191
120753357012573
20969251370764
20985367843979
10181804320460
11179064771753
11178657707833
13032300833505
13048360950603
15399581208017
46564109419112
50329025336870
52810119912412
433147173219560
537879647018542
538335594261422
383030833163244
384004913731344
368724727174652
369317824532194
371831858931649
372496276185838
686969843392448
692944240476646
693415754106066
694233107114819
695105735266080
695889768037756
696527447147035
699129134160359
796723630519490
797428917634749
809618684122283
651004237557037
652877980872093
754519478072913
755001559599175
760608266993974
761325170940740
776831349360989
777493837505408
778025008464665
787581541242392
792795102233728
794821525581276
797106730166396
808088301924342
808972296657935
811414124113431
812043876501171
746507306206251
747553059334717
565298711314214
729983311127627
731439918112716
731713413810244
732007600833262
732809092550972
735232253146794
735886281061504
678573730941095
695598533559185
749592669778545
751294636030475
752055782409760
750132220315837
760408982872114
762977931163726
1514935051748095
766147181247083
766800765319702
725126720771903
726100397956625
581961453108201
583072015369245
583391634996711
747110742619725
780462820435072
808993646129472
809839130114748
811818260175497
813615061179246
813894511639115
567848800443397
570628144552491
571067450929104
572587759637690
568666220319171
569484660843941
868388614851644
868759507116696
869300958052128
870085258791742
870266243542992
872671822495115
873464987870007
1011062806183959
1011911962684918
1016406381150302
1017776191162449
1018064945030694
1018659761839727
1019075753921228
1019432351305780
1019839315401092
973442904315198
973924570015823
932661606273933
942439825518529
943517765844931
943538754795679
944429862912732
1012081820433769
1012094693015262
1012812663769984
1013169619455304
1119423652235128
1120896977429684
1121551411762151
879213077524425
955222306142500
956592738885320
957692844304679
964072674009168
980375030981088
981022154930468
981527471258452
982869304645467
950937130368467
955391793077207
956873349314795
958823142142037
1025054678708509
995062269605859
982896754168446
983028929621544
983367540957640
983647150078246
984174445985880
984584445404016
984840593754507
997471757946100
997487188611477
1021517769191156
1021685416561868
965900985939446
1066140434344409
1069770390571904
1071800729763427
866332714145752
954583929182073
959461816969702
960072460473204
1065795543956748
1129835161194789
1066079361353532
1066463590279855
1054998073325050
1096329839183310
1102086104443013
1112659930751030
1112971745117248
1113440000246636
1114024501433128
1114514612607742
1118178739075144
1119315246956296
1122149500734131
1122800885876216
951594722953882
1476366738174379
1281762132296524
1283245809574424
1237072536814691
1284577340897957
1285319613390073
1207189978399087
1211115822089192
1213113094814334
1217161345852154
1219278867502752
1268388582910213
1269067343949667
1319183946391280
1320287539221154
1331211527765880
1331962010203867
1363933376821906
1368343581273772
1368969496265629
1155917954046626
1165637869137394
1167845138463726
1200048602780721
1201827630525162
1203913488589420
1204384393637082
1205735057118647
1328263714159507
1388902367575889
1388921559153812
1389926161302860
1390175859819730
1245917413732917
1334091936758297
1351330843841677
1195032601231776
1197120352172259
1332910927471518
1337265867278191
1127998237173492
1128609291794832
1141574984104902
1141597253282842
1141944041779070
1142096391591048
1142295150618148
1145257315170032
1266797988311136
1267281825871662
1387783965826250
1388507209985065
1404466086244442
1406421907287579
1151290757780960
1258721794965508
1211760769283776
1212826213774994
1231796790695264
1232682028040192
1238538204448289
1238918760934563
1255758100060601
1191735597595009
1218030798668814
1218685530698035
1219849891541430
1222613376832779
1223180223893388
1223950139157163
1366700297195386
1367276808263838
1402714302406865
1403194685992906
1270929272828506
1271929185651022
1273004917911494
1278507278763995
1601541370872006
1686646293285941
1687361131424761
1611713385891307
1613331633420223
1614111946957064
1642685570677427
1645594758350192
1646001856283855
1648205034140826
1648593848187930
1649748460047742
1650464070122516
1652320348400903
1653075862909254
1654362624819763
1688771966831307
1407866132022412
1408456870482552
1408981427041212
1411590553937650
1412829412502633
1413036187085229
1413242318916725
1414384286052307
1414803992931167
1417057313055306
1417346189417015
1418875305010284
1419085547922795
1420604319476734
1421028022595267
1422115232937263
1422534253018688
1422742526006744
1422751225241515
1424047631142941
1424255440706952
1427644518950093
1428060235336009
1434901808390595
1436252080544590
1438461792843623
1438476200863651
1439852428272957
1444653187147785
1446226731701466
1447712251496198
1447729244178378
1453957423122251
1488599584584056
1489157522663171
1489461171500567
1490205939844322
1491089580780764
1491997286244713
1583370089663853
1584056150285680
1598579942200911
1603383752370945
1603866107243487
1604563975996346
1604660071369131
1606354366585979
1671877167592473
1672538203422528
1677440544499234
1457612774146181
1458473786825832
1464376674016902
1465198640476284
1543327083960287
1563127215996895
1563858550378234
1565182249533950
1667120569539290
1410314062731305
1410656487677833
1411387352357712
1485178339826704
1485913235365670
1532754585982106
1534692711482256
1438191417996204
1561240204112727
1562229264765057
1637371934881879
1638204229852820
1463465430796991
1464305526191424
1495138422812330
1496639831946517
1575343063643053
1577633875250648
1629548327632662
1630053888856690
1630295869860661
1630704089838865
1455503826767498
1455507478691041
1536022645458852
1594096423008230
1609816457319266
1614669338152920
1619130774846701
1621794019503899
1622076873351113
1622442132221894
1629993076629668
1630461076160788
1631072867888780
1631354702731694
1671352316989133
1672014466805182
1417319946593757
1417528510844384
1418179622437066
1419275560399379
1438133659313069
1439971574273910
1440633417599709
1548207127259010
1550341228197851
1630931860603738
1633170950215404
1633843991911025
1643116973821667
1644916801937981
1644945776224578
1616536768745511
1617338091733896
1617816062757188
1802191502107460
1911352728739316
1912719295400712
1914627999664391
1751356565900259
1807176456922074
1705691418118216
1706362064886098
1778682817188630
1781314726691320
1915218422540395
1886154751876282
1886667140267117
1887157136868199
1888564260100976
1708549796663054
1709312268853994
1710285056221246
1775824231601755
1892808170689228
1112106838893953
1840245222007794
896059098162177
1745224657563830
1353438682828953
1814096951346620
1829368566378781
1836823520703499
1837522736482126
1856214563184735
1857148509199497
1726029868698332
1781130824549628
1781937867247198
1938933950340585
1696777208483621
1915104742765559
1836520863313235
1958787571371420
1959498797625737
1707110106050779
1709314065783108
2025789455067541
2026174466485288
2027254897470634
2172183250401643
2172752430653260
2175109444608960
2175498663864807
2175786443397624
2176291935010021
2211303820758725
2211995347235471
2237301154346587
1984214038137783
2070820984853268
2152464730065617
2154363804284920
2150954950027815
2154409084250179
2154818461273765
2155122315387430
2155682032701129
1991730821186852
1995416093155969
2096493054001726
2115605598825201
2118874548610114
2146887486709827
2153527533609122
2206266874136915
2209055385139038
2068879985580438
2128558427435788
2136453601111833
2138737656788361
1974804989477584
2049233436921600
2080491760620266
2082286376168555
2082304257751017
2084347931060458
2085040409828796
1975200579329813
2017246676706939
2069752981724969
2070820049689849
2061082389105578
2061914159595124
2145353158904549
2231943863872197
2250721536745035
2251768500750609
2137535582995994
2147132252225500
2183854477889356
2184260637055577
2184533305260929
2231934502620198
2027990858330329
2029368060843120
2449847329130
3261850106669
9257794007263
10473553302328
35357924850563
37856707856935
38517881701016
40432564097464
42577956373844
14928242565402
45756682964671
49509156752565
81462059556717
189934507472842
190292054304911
191469513163788
212672631149882
225149060774073
236111444608448
250214070981250
252325851823189
257230873462489
257581294822354
257801075414160
258221387812884
167569264466
2128415048743
2835655541924
58463599618176
120563004375993
126701706473830
16775851032493
17528503662268
238173781076687
242247403579453
218974024880035
145464637053968
95493415589025
98175214063478
452522557599012
376561160770674
445440214018722
446513708670274
382328143240707
383148573255516
397159520083961
398009603131960
397216467966080
398433063029596
1209861861179157
1264122936995535
613209568202847
616575103482686
617346985453914
619158210888964
706725923276937
707757698477736
756226001830733
757182394134668
583893512283661
783146661071856
667410600600843
668431335857575
668643309073400
669505900399422
669530242551136
670318275205332
777338678893209
779176838937303
780110139524739
709570358738925
625868068607167
627477413346269
675487733246327
868545733442995
869613999077615
977056865151674
959303959001929
960240833145299
892602832812474
863607097974527
882282089996698
882524891012584
1084212648849822
1084722793236127
923427753550699
908352175112108
908673074896286
1236085134237196
1570272761021774
1570730991691785
2243959342949957
2245122793972831
2173464075019571
17480864511199
19036530528332
29751215652451
30648722560809
126435233874484
128644018393206
44484655797455
44560014442925
1071496266555173
45655086463388
266056768447785
273373594661774
283006899163570
284108016534137
1119755243559060
1195476142673110
1196642669199170
1302773988502775
1130057059340522
1130912617801426
1620183837799337
1621116657841264
1623535711176749
1774831318708881
1862281458583903
1948956974151678
1957373309768573
1745773754304335
1746634513205243
1730836685380380
1911937416731120
1915063970517159
1915899234758685
1920902641362471
2099393712733159
2011030822759557
2020614804017696
2025671571431526
2026553028430731
2028687126478875
2032468122507378
2133052320041464
2138056113488276
2139016796642746
2142990042471662
2143802686176136
2144189462295995
2144973212635835
2127430217867964
2128112881197522
2128509389760638
2129122663046062
2130505790107798
2130974489236218
2131362624946292
2178964786552434
2179873203479961
1981273845446163
1981894722832124
1982229550775440
2167810644372087
1061273343691261
921504918356509
2247802014838929
1970541072079204
229231367937958
233812479818157
3730481459694
56771349035648
261515396682227
221040638886280
227621144462432
864087292740933
1010089473287471
285370222412254
454131672761008
455228747856944
798177077949553
799184925347106
810542542855036
811380967261233
625015203438292
737776112572956
738729537279087
740769439911084
741225860547506
741971600803296
683466524766724
685208227222925
606527140682457
607284212795736
684715122934103
685561959676148
752976143721017
753720860864642
574936950512697
577046712222009
589783863287073
591785381513650
592487049975659
787905722013547
712603556940129
714381835465997
715112252377542
608352996837572
610094819351517
858478363639907
866015201598559
894756961812560
898275980417399
900822263893918
935030629271715
936416739079776
962179160484940
965160216862414
967403852832610
1063297050931294
1065686594616139
1068270969762270
1068920090240903
1071332674221537
929973092529543
951348161374298
1528136588373964
1865207136920109
1869683394532375
1907266170683926
2088688280402170
2089906111979417
2241105855450273
259471139368584
243373879084112
187864350658346
380110830613448
381040744438216
382814508438494
383700298464548
436035558739140
442072577343794
741414282398541
1122653467842902
1111910796819985
1148546188457001
891923124991017
1163145888917936
1269793437784998
1271146227487688
1636704369235624
1868100628071531
1876809146387022
1914882230866759
1916820444565008
1896643197257592
1896846968775562
1897170235795497
1843176774566498
2211395525229633
318520753764276
958117394964262
884430386603741
885553856586650
1210444364201466
1738999128503770
1740098769657643
1780722116672103
1943942060631170
1946332797313790
1947266812553930
1728266618016455
1729060732077748
1934260971936068
1935865555510957
1937720466913874
1938596519737267
1912177965589498
1915805851426145
1916717830433006
1922424735177878
1940942740830260
1944431224303735
1697910971073326
1702721606537358
1705109016526452
2202345621733839
2179548633459951
2183220961119056
2185934680590419
2075003001157574
2099471622381254
2208911638045851
124883557653474
125662939430035
219222294347267
219244264631080
219991560516436
220536504456778
66901074411699
139703131170275
106203971172486
212125203331590
213956879930241
158943849537927
158962166559173
38876690498297
38892915922290
39845588455481
40384344543379
350182786236453
385580157487402
481807798698265
482318700921487
482627615056644
483217441899882
370939437993355
433874322442311
293385999404208
294643703683709
409792195286411
409809088001525
410841541914175
428598547849222
515031151422214
424962218523234
425262503687446
425391111733222
317073354971093
317364888101768
319031653718278
663335208003804
663899817484397
593678937821000
593808933085650
577613641656196
589075531127245
589408749585265
621167109643452
647616408882717
666721028709459
726460554291099
576301374714280
834707196072994
835757734672965
662746538866602
819254667875799
826781628811992
675436932502502
719161981871804
719181203414158
722249467937069
732775566754498
732797021594893
733597965794930
670209634700285
670231167012661
670351504117119
672063700818391
803078897317875
803885251976398
806295806913014
806995238792663
650426087561268
650854016947603
651691576701181
734989565947905
597865973989286
1122570285964190
846284152489145
933720114229808
933847109822148
934207069180498
934298843591172
1023384565165976
1110411295829118
1018981035754882
1019004066590630
1021903356216768
980149247816622
1076144201486043
1209008434516666
1217433020992894
1139603190041844
1140192170026410
1143787192012525
1145890238954326
1146665938644981
1386485478128337
1390274227914677
1390452228557540
1391668292063003
1392358904733262
1272061059645982
1385091743505853
1143091490121748
1173103636705760
1176541765937431
1196679965931845
1470329339230195
1471265770256273
1415869571993322
1417797368519974
1418432259467552
1593409488647016
1594067566680955
1559040442348338
1559700495785220
1562077396384203
1562691782313328
1458636300717756
1492207492999646
1734781113696406
1825754912853122
144473200981894
1041924248207096
1043062348569760
966003168943962
2164464758824438
2185077053027912
2186119888478560
2192245625283349
2193696925417119
2022932487847514
2027365174379862
2029382732094335
2250606262820435
811697461084003
812655264345335
836274230488844
837441556454169
838194933292690
839641508720106
840331872355593
1072870909943955
935001171236395
1101437281116555
1103420195222769
1104060912384408
1107888565600088
1109163066499924
1110111200426317
1110563847616134
1111148328693913
2027493597140504
1154714142986953
1117725596028024
1117761374382386
1119080197535943
1123853571683588
1124958339577475
847132122102749
847212739153481
851601595525983
852531408795106
852643717233935
853581369401242
856835051626812
864622432048194
868508357255340
868511293081880
868630218120826
868653046836903
872858645793081
872872820470012
872871530694969
877041803257051
881453393125176
881500637765432
881518492853668
885777951369894
885778039142385
885792605654487
894429427899995
894428398349269
894445709515100
894449443532198
894471204694003
894481982788784
898670528118892
902815469139404
902827284389303
902947013266097
903015662893056
907660397004072
907735950450996
911618258507050
915918420388554
920131380702008
920201172078171
920226396222462
924492531870421
928594255866209
928618255629044
928754861852270
928755307763440
937184450079004
937329391918534
937341727408373
941453595648295
941610785953472
941615133302677
945924180692936
945931095059385
946010163108823
950248859392380
950263276354895
950262697042775
954363301767728
954525257317466
958637340324345
962967263352898
963163046943151
963181074396813
963236210670186
971656205662627
971757456830559
971809181462023
971815689722863
896173835995049
975982880837283
976007913194833
980278817252534
980294141027849
896132684517377
984422771350741
984609833613222
984611746108565
988892259115820
993130971262149
993148961440657
997453639087387
997554160994084
1001731097578816
1001820256465821
1006102838264623
1006131345838666
1010334631856322
1010332417008766
1010431492429533
1010430690161029
1018791878372638
1019038114296634
1019037618492308
1023104780598036
1023209183276063
1027369440171241
1027745623543829
1027844407791637
1031659228351846
1031663300758056
1031804407791110
1036180554621287
1036178225891978
1036197523875234
1040287608363712
1040459675571085
1044765758387670
1044769985862126
1053311580304751
1053344925526528
1053373003656997
1053377262735825
1057999047882861
1061714880044419
1061878057276566
1074695652963206
1074821287069895
1074889899757964
1074917998886006
1079122154757801
1083385433357901
1083411036531753
1087477860979736
1087489076369283
1087494614242643
1087670407783096
1092218576222681
1092300180601305
1096142798506483
1096152553298495
1096307408866692
1100444544969270
1100530117377975
1100609342016827
1100636761932936
1109143759707500
1109141194172147
1113417899823851
1113418130249961
1117591760524951
1117871550285974
1121984918629233
1122009370126034
1122071568119954
844840275012213
844863256433172
844886711635270
848959784360125
849095454832524
849449315018602
849453609985898
853484809684177
853486933655860
857789191932079
857794328313830
861910715021713
862122957387371
866358446102143
867032844457342
870429975998017
874765635126919
874776309177992
874879014585022
874926613650520
879008254736687
879149448664530
883353948348901
883480913741305
887631106139561
887799708390956
892055380496729
892124416817785
896222117429075
896224513227500
900801703426362
900813156541475
904835749116445
904839918992307
904983229452027
913532984302857
913531715730024
913535364071308
913621430767675
917705932957878
917903740612817
921977415394577
926427431452370
926498970510460
926503548588120
930658850274911
930862165666869
931274482527285
935105533840952
935109857934471
939283035193363
939419737292904
943634135024690
943678773947699
947810432772844
947888922390169
947905226625767
952075154870889
952302328305454
960725840103017
960771570900118
960841573649386
965081680749690
965618828405307
965619121742656
965631713307195
965636301611840
969438961537210
969440875188720
973700144279137
973741497798218
977826930626342
978012955277292
978017275412087
982220074459818
982460921823176
986636058731492
986637821602216
990833386115446
995056384469185
995185040067563
995249157658706
999420130910136
999521720185730
1003833354289102
1003836971774987
1003874704590532
1008047489154994
1008058761754102
1012234745147143
1012345781538184
1016651823016540
1016706161085649
1020831455945667
1025045166701064
1029583503133500
1029602862946179
1029611430259367
1033632627647454
1033763845247630
1037943558005994
1038147904963230
1042383045317769
1042437119543788
1042437307189420
1046740497577234
1046772185080032
1050988963865329
1051080744889454
1055163548577490
1055287724905533
1059591955340445
1059690874500147
1063891058544067
1063891558598112
1063943800421925
1067986875500691
1068126447752781
1072471105657966
1072473147395483
1072493229130910
1076809461014822
1076812331306894
1081104464259436
1081111390648486
1081164928450179
1089729524317861
1093951524110189
1093958125335632
1093969512962348
1093970858226362
1098078886473211
1098248967394235
1102536409656990
1106849893764988
1106901416079447
1106902339845929
1111199818699924
1111198572416408
1111209387078712
1111207890074951
1119721682330855
1119744980680990
1119753919789107
1119770260156262
1124052438971980
846726014513454
846947651764868
851138176479675
851166793069424
855420283275349
855421717213244
859673449182042
859755185098134
863964242520255
864050981570818
864123890296523
868279100814023
872563971616614
876709926955375
876710745241548
876903096810948
876928963640228
876927813259259
881010790663578
881194542904390
885504298019340
889791251487580
893951344442098
893957784007245
894120202517240
894148544299472
898324845205208
898421847125125
902509732100924
902686559516737
906809544031097
906981762396225
911231013163320
911236608355295
911302207583021
915527334040272
915554242613862
932784566812307
937112535137050
937114646196631
941179306186520
941300759445676
941327451765197
941368844060511
945555665151819
945671948405421
945688818081501
949965392399742
954166416257366
954166436720281
954326768776590
958455677912831
958456298094177
962763656099205
962842535634510
971290835293053
971358610037883
971447108005457
971448348085221
971445570766553
971492425103845
975695925863510
979962270905220
979990180510732
984236707376802
984311257227435
984310617542055
988403023948279
988539438393213
988552403975932
992890720877898
997158324662065
997158647600073
1001401142387397
1001463464918218
1001464993157641
1005735833513759
1009996947703311
1010082528983630
1010104986675130
1014265369382856
1018394125329846
1018519036266892
1018540511103372
1022753784918108
1022882458813381
1022897194808108
1027196329973311
1027241330944775
1027240779944610
1027259318191787
1031509506098242
1035756756951522
1035837335773002
1040080564452191
1040080436942172
1040176428127759
1044410666031047
1048575207805381
1053020563543988
1053024061712624
1057356449247881
1057353603690186
1057353599838190
1065834290916036
1065831635335794
1065922275756002
1070151605081892
1070154249533828
1078694195155354
1078771506445857
1078780468673208
1078806215997294
1078865013789988
1082878854545126
1083026446637952
1087307086118286
1091643312708396
1091672236503783
1091675048314247
1091699546565937
1095887720700114
1100229233122743
1104362571835748
1104541356630446
1104541807816281
1104573351356064
1104572915286728
1113103753205073
1113102753534988
891601550795509
891722968515225
891746043541088
891748846819284
891794662684787
891794407069675
891802262082760
891804714988197
891803321535042
891811451225381
891814386863786
891817964724142
891824450805723
891825573170320
892427239595959
895921770283349
895927160808201
895937109929721
896079331985279
896084594574045
896127851840006
896131244920755
896135542984626
896132469743320
896139394359944
896144859236932
896148096160244
896145809492259
896154811937825
896160690405526
896158035747415
896159104062424
896174277462272
900289939474409
900294234441705
900314422033968
904610121910366
908904720929787
908961765216394
908964615979897
913063689524824
913195675653097
913268116040862
917360675969863
917361952772299
921781783227749
921787972810897
925934340505544
926112537580963
926121231293882
930459741128285
934737550819673
934760417306803
934762883678264
934764712274099
934782347140564
939033231181626
939098475332549
951910760490203
951993697242536
952666294051801
956019119161620
956029258294178
960336565520771
960460605694024
960528939532891
960529050389566
964763096555343
969024709835186
969090950527327
973437859200646
973438532467849
977608495679597
977613957399792
981969281809370
982042573345551
982078620649384
990599028520419
990601791828332
990619828072730
994651452324586
994852699903709
999095327340357
999214230779623
1003375696183173
1003388060286782
1003445502308392
1003456101059123
1011842134302481
1012011360191253
1012013213577808
1012041872202491
1016383939941898
1016386478021057
1016407554968109
1020594276369580
1024839491471494
1029062503279666
1029194055810001
1029272995557713
1029275991761826
1029274450617179
1033640530336709
1037785043944082
1059248354492374
1059408082068803
1059425860642626
1063598099053425
1063612249239593
1063618710118972
1063628523183911
1067837188465046
1067850073366934
1071954297409066
1072099706765533
1072114442449205
1072173413811245
1072174584238455
1080722180263991
1080731484722035
1080796630021594
1080808170791623
1085008267812285
1089298679020997
1089341944912327
1093446383844403
1093590364096041
1097970757066928
1102189259977085
1102192009557381
1102277212158183
1102308829614132
1106484828279587
1106503239628331
1110824972131448
1110824798277857
1110851500589434
1115043030850243
1119214027726170
1119338944934493
1119414755910095
1119683245126492
1120039727412060
1123696600903524
846592386929476
846590794891240
850805589172531
850850749436179
850851293266887
855142362181135
855155268896264
855167512653730
859352048969174
863688627009987
863765694734846
863802837882454
867796428195434
867986301881236
872139991247168
876400328940603
876555333305836
876579898003914
876599230147648
880898739401300
885181123014073
889505576100000
889521490857509
889532876242456
893709871191870
893798256105482
893804807836998
898075466680404
898081243998289
902153368647569
906508480812540
906647034353784
906719007513111
910984427997400
915204676275880
915278659981533
915278538754489
919466110705783
919466911336599
919555876534185
923767796155063
923837869664120
928065880754093
928069487019627
928071201012443
932462831921266
932467912948231
932478334684065
936765131406635
936771422535932
941024052491790
945147728254330
945151882480960
945228304692259
945316150753819
949620842424014
949618590612515
953830034656047
958166297153243
958170112757966
962382894234611
962457672867516
962468446351316
966832883801352
966869280474794
966869187157833
971067189913530
975246322960398
975382430287702
979472934008570
979664938321764
983959254194063
983983602984982
983984551950812
983985049885668
992508914598153
992567623101733
992579419395483
992584802970917
992596320600163
996794190311441
1001156754273107
1001159415644896
1005239080363671
1005430524310665
1005434197522576
1005507410401648
1009743050502251
1013854635050072
1014093863458917
1014098582089201
1022596344632733
1022595725080529
1022599351219344
1022597483484396
1026817393702684
1026961572149139
1026965508741776
1026966456401698
1035480389612076
1035512071536774
1039648499308121
1039731825533290
1043907050511541
1044022196540663
1044025474767652
1044097684431075
1048373741266672
1048420988912986
1052625293135627
1056884387518194
1056902822179766
1056911232535941
1056910157321970
1056927978299082
1061277544606938
1065361401698164
1065492798524997
1069875076777115
1069874993840873
1069891698946822
1073954903548957
1074097184928192
1078511198634110
1082684436166192
1082684722544647
1086847141326172
1086853573160911
1086876336513302
1095517017036613
1095522712366936
1095657206945454
1095663120592956
1095678196830023
1104181254357434
1104185754941403
1104197625393737
1104237049475554
1108315359017828
1108335865447863
1112659642803441
1112666872379118
1112677966307345
1116910288505705
1121192708292123
1121197656995493
1121209186410661
1125527329939152
1125716930923550
848505638368473
848611250332325
852770747152421
856916189856765
856932771328756
857079429143957
857103079538634
861338269014133
861341040782687
861392848699524
861400207896145
865700766481404
865720701595663
865758236432860
887143465741516
891285633663031
891487245932982
895583707669110
895792771487521
895797328224320
895801610492082
895804627634519
895817312257343
900048656928546
904291191470983
904363375719864
904380555589048
908604319805185
908615288929305
908670428752612
912879170940994
913090604605194
917049538393348
917054505706245
917175571447364
921433560366043
921502680072250
925821992832468
925822495794058
930105878044352
930106875034703
934402846165041
938710806297231
938711259756906
938711526836273
942946119063667
947353371937009
947359147925507
947371387291123
951592216420322
951591412729520
951594847872028
960180825245773
960196262092610
960207026670734
960222442056045
964490824529850
968717364940392
968719130715282
968783462403040
973061330284805
977221592058267
977403177555811
977409039499789
977408331911978
981497203578188
981665480580460
985961626168462
985962212777587
985961606846482
990217113853305
990257415819776
994474662438949
998766173256069
1003077731984244
1003083246389506
1003146231510701
1003145767911963
1007342058457154
1011527268935107
1011674100029969
1011671165594974
1015931954808944
1020106954730115
1020249656386111
1020295390479750
1024593320934073
1024593450922180
1024606208542180
1024609968555242
1028931359688351
1028932027583584
1033279416996007
1033308897073360
1033316548273646
1041744063787554
1041753133788658
1046054615992808
1046077438798724
1046081698606476
1050310033081525
1050328844364123
1054626006758480
1054628635624156
1054650719346532
1058957285400216
1058974465269400
1063060251862861
1063194366845975
1063223026976574
1067504551402458
1067504354824196
1071882271125419
1071886387921400
1075948491895443
1076163352935745
1076182127966156
1076191181505531
1080373230257504
1084749788907868
1088977107050027
1089049973827435
1089050854661426
1093424987246662
1093441407606973
1093446317972295
1093951593349856
1097603772544280
1101846973364864
1101941342990078
1110314700014093
1110444337367506
1110473463386820
1119156020845607
1123378530023639
846177849963975
854739098038243
859068541889109
859087317777426
863424064104883
872043769677629
876075909773536
880622809025041
880654222629841
893434817148158
893456797871484
893460498323434
901972169445104
910436866206897
910623217619181
919192849748129
923484403931487
923508801673413
932021917973005
932028851692109
940591997144747
940690782279858
949196317563560
953532687539779
953609874032443
957691677670580
962212969297084
966471682087484
979151897971694
988040668041438
992166165578044
992238821191318
996565037439723
1000818158000117
1013527308640287
1013747560205636
1013775712880238
1018008870340710
1030819750658255
1030893618006280
1047989711490727
1048061364916075
1048059715877023
1056446438222958
1061078349325225
1065283313056468
1065284296798356
1073755732856815
1073794387562479
1073820938083011
1082273548428398
1086693646419300
1090970285071027
1099519341457282
1099516716417310
1108130508653110
1112512356215668
1116801594924213
1116798978249097
1125408633955492
1125454254580110
852294784331371
856782489994149
861134472549876
869662375246162
869670147659971
878198583079130
882431108450195
886808508652072
891110381088694
895448502251955
899654693277696
904006379907455
908237442912738
916869316415934
916870054576341
925525766948082
925523687019415
929790917147778
929795212115074
933882770011005
1723329504095027
938338163964546
942460529629561
951212730585386
955373412895748
955594538470709
964168048757904
964166254189570
976991349402483
977003508329577
977019065198744
989902796845857
989964751437640
998455585393170
998459570493234
1002623057074645
1431303482341497
1015548637086339
1015725110234142
1015749487973296
1019976699242725
1024208875482843
1028524380566323
1041393784363937
1041462261557806
1045689696533367
1058677543118030
1058768926674834
1058769314454760
1881909517225055
1062843137394226
1071491585777494
1075760355636851
1080070765624317
1084354302442304
1084406993747559
1097279128144731
1097281072234720
1097286406532711
1105874154305426
1114430708114309
1123020570601006
1123064830267390
1123078671402071
850165585794298
854495009145459
858726007146107
858738892047995
863017487790835
871689713099211
871704878208435
880179522814412
880179327260616
884566734447861
888817501648915
897413150777749
901720635261222
901721464973225
905962061801283
910285876333200
923139364478985
923204833277871
927472759229467
936057825141658
936087358378486
948887219648908
949012455540512
953292980266701
961800578495084
961838877417559
970407454670414
1729314146917419
970452758246706
979017675714241
979127846645148
983312452550290
987522626938588
996233121271743
1000439100298892
1000453591998978
1009076073292816
1021995776135842
1021995265786499
1026206762529266
1030598133462670
1034703796178227
1034875280158050
1043439450221369
1052012570813315
1052065966042821
1052068332299293
1060651082668984
1069194797261635
1073508205120127
1077731000913679
1086393960946287
1086421340946722
1090700908396401
1099292621257074
1099297757981851
1103570223486596
1112120252422294
1112124547389590
1120767467874481
1125008671200141
856427547708642
856425175679925
856443439896089
860740204019205
869337843111445
873607414283798
873666165360508
877868068095254
890620345988472
890633072562226
890774061087467
899405307027860
903619534699868
908070560257589
912277732659943
916522544246240
920942156188569
920943373225838
929390375941568
937995289997414
938067963298445
942317056240468
950963776104877
950985951071226
959547338330525
972365198298358
972412257775900
976661632337336
980929594434082
985278266068705
985287121234033
993821375226202
998141811331384
1002483865047414
1010896455347415
1011043216586436
1019605353190263
1019606933017007
1023931962005459
1032345223671282
1032544345483968
1041126847684847
1049695430012787
1049724605843807
1049771595057789
1058145647501250
1058153422577554
1066829830153119
1071160911463348
1079912869770662
1084115241768003
1084281543558404
1084410392577284
1092675496514700
1096971090291872
1101055714432361
1101169725430341
1105621577916743
1118383750181439
1118395545512841
1122748533752387
849910530739937
849915724625149
858407057791079
858529508073302
862795038290413
1373979189446885
871296951128865
879715802172629
879848543836000
888527145899319
888575107618198
901379130309181
901384452204737
901399549191581
909948642047004
910019659814599
914276181802849
922730513475726
922820555195237
927010629072837
931363137493528
940045522620386
944352557838102
948651342938591
948653259892448
957075092463357
965789120610300
970006022940756
970086637913937
974345114041108
974349013904370
991544027181968
991650464427386
992140090699130
995889250623413
1008728306546964
1008820864902815
1017315938392970
1021593108412383
1025925179190329
1030192871001065
1030235747073448
1038775893638581
1043134471497585
1047349628882308
1051714682120364
1060297136897971
1060299243998450
1077439406190371
1077482705200625
1077503341930538
1090331596540675
1090356127609828
1094582387831288
1103302137999092
1103483632678131
1103844409930995
1359495261716021
1107563005886702
1111689779252974
1120355378373062
1120392622450665
847331439931296
847330000655684
855923166596996
855938263394795
860460318463850
864542790543266
864548242445514
877466820713165
881829838245800
886118322426829
890410824823630
894723614459284
898992788918050
903275631965646
903323577095616
916115329183723
916118262423022
920468221223840
920587903293312
933356420298719
937536776497924
937662807569224
942039042656849
950561239678711
950629062827905
958989363596915
963506775431007
963511303740406
1609826715177063
1002104571073420
1002119869561153
1002227129034911
1010750257442927
1010792999153394
1014846516186928
1014902402344823
1014966493252010
1014966879129614
1015008783863033
1015014957569206
1027894373720876
1027901791563727
1027912650876319
1032110183616903
1040813709245942
1040854385053327
1045039311930271
1343897702130553
1049362149452489
1053638221408643
1057994930066941
1070939913104011
1070958585937118
1079446426492882
1165188957120593
1079586123134320
1092317560298501
1096635467798613
1100979356861736
1100981060489430
1105098274899262
1113621367722204
1113837379193399
845230201359573
845233894289071
849970510137051
852415914915421
861989692195392
862197567119332
868536701224539
879389558652277
883882071007433
883880609930555
888175127377836
896755968696528
900852089873469
905328118786449
909611156297436
913889726673730
1126878181388492
1131108071826302
1135464361165194
1144042762843737
1148326126080282
1148362862551725
1156942618993824
1161051498125723
1161204499689521
1165594208689556
1434093428921825
1169794882455962
1178340887256782
1178412925449458
1186957570713568
1191314353342445
1203984327730409
1204128241074974
1212684210892450
1221245300644354
1221357801988538
1229979992648440
1234181098140936
1426192911041037
1242766439984556
1242850846019285
1247147528662434
1255606567949627
1255691057275155
1264247079147913
1268396570947104
1272758223897614
1272926055968057
1285725894340564
1285817547601207
1285815894441744
1294378020861309
1298593539743920
1302979175624181
1307189888663828
1315854917638893
1315877519430859
1320088526670688
1324347193276928
1328617245435030
1345714481155741
1345890039017163
1345888404328280
1354447926913706
1354545932703120
1354620827158091
1367159554811414
1367329013935049
1375905320924356
1375983534755071
1380238961462326
1388786653835154
1388851694806974
1397471255381321
1397474403680919
1405979966874828
1406091722138888
1138079990630452
1138090789806539
1138127235270708
1138134668967506
1138150919348683
1150160353236173
1154696674084667
1154703719152649
1163136634515937
1171830059703502
1171838195536042
1171852283336452
1184694117943601
1189035188363081
1193225564898035
1197457729055021
1201901096078597
1206246978598478
1206254139040104
1210425911204917
1219050684354702
1227439157541045
1227584418913238
1236219333313838
1236247596495901
1274314683278145
1240457558284654
1249115889307240
1253342078286065
1253411293158323
1261967720388325
1266293098038190
1270591278961040
1270606365774465
1279113643954931
1632647406496725
1287897719770138
1292000029682023
1292001911044872
1296164951473478
1899764050691491
1545749811497107
1304899232598379
1243221924973199
1807918829603605
1734899193678961
1543057347187403
1309150858564390
1309228741264780
1279972375270327
1751041275730039
1313524753679343
1747171469367447
1140179959422487
1247224093418157
1742520158332207
1714460436083491
1566854001341385
1787405159576617
1322112582646812
1322154152009651
1330715001135482
1334867247954913
1339221223022454
1343496600570541
1347830918976638
1352126298777908
1356445882681897
1356501832676272
1365075946752475
1373463527919280
1373602424607061
1377901975629426
1386332968174140
1386336300962321
1390779421140503
1395078543117040
1403608265231615
1403612861575482
1130819196231586
1130820092252226
1139416267111095
1139469699530140
1152315045314664
1152314721716707
1156626935050842
1165163681128460
1165168934314621
1173646846178642
1173750824669094
1178014225362596
1182225440189157
1186711812834060
1190898697679771
1195297160661865
1203885229437439
1208108331339209
1212447102219152
1225288297753277
1225423327135561
1225425722490466
1229451385374658
1229474536978195
1233935011309257
1242525423534987
1246809647138217
1255349756516931
1255421403287176
1263911018217288
1268211636200751
1272505918764732
1272582597054824
1281151224703941
1281193802437527
1294000581031549
1298230709098142
1302470470619604
1302597036138846
1311009628174845
1319737673457079
1319740285468918
1324115235932860
1328402228949178
1332637127966118
1336978106755024
1345553917088967
1349824385582884
1349865987382054
1354146171967093
1358356351242838
1367106282981578
1367147112660301
1375691221367591
1375720676658675
1388326186831287
1388364486040095
1397088575585174
1397114810983552
1401434132789122
1405724772354721
1132816568717347
1137153748164759
1137157440193831
1141413580926766
1622249174786813
1154268858966243
1154272929545402
1154295951009255
1162885053665329
1167150480874134
1167172771435578
1175760576188384
1184286115753623
1184364077203280
1188650057243793
1188675827047569
1192893879220740
1197192552305320
1205777439919584
1210196299695078
1214480460280665
1222972443130141
1223056915791593
1223074345023801
1231572395141603
1231575440160625
1240239844694090
1244481977586024
1248751605594591
1253069410089911
1257339467006645
1261624393361300
1265924566279797
1270236440361447
1274522223032600
1278909910474802
1295990099511681
1296050329197563
1296059589504982
1300377556354463
1304577237356084
1308942760212906
1313223623121555
1313223799374693
1326060626592880
1326115937028793
1330455184948021
1334550961826310
1338838698105263
1338944268064558
1347549506036139
1351798286141913
1360438383771596
1360459779221005
1369051745467291
1273321402258643
1373304017145665
1373332061983049
1381944800368448
1386217621557313
1390529431399301
1398912341119871
1398984997434160
1399027558136886
1126191410136459
1134864190630038
1134869663557505
1134918384275369
1139056220467543
1152014551564667
1152067291387077
1160530890250032
1164884344914600
1164892308476362
1173457288014811
1177745674655193
1182073390927788
1186318126340787
1194818729131617
1194864697259688
1203512168850517
1203510440722488
1207828826890897
1212086430018060
1216265286472792
1225002049312716
1229243952817170
1233555923803074
1237872571298544
1242163174044883
1246472589539578
1246474477128564
1250786249553711
1255536141817099
1267842587809663
1268460803654747
1276523192733276
1276546696978516
1285108761050378
1285131808362335
1293590973650057
1302293008014339
1306650089630956
1310923582947476
1315207269092249
1319435461248192
1319506902395669
1328103726527773
1332346621397460
1332390958306966
1340914753933964
1345224431739377
1345223147518113
1353836013323466
1353880352142068
1366654445839413
1366751542421942
1370876928737585
1375363975213520
1379624831247918
1388143655948356
1388220723640808
1392536243311044
1401018584544260
1401066472936423
1405401925794405
1132514113570796
1136775514773185
1141162997960276
1145393362569659
1149726208055952
1158220037934749
1158357146313965
1166815760669638
1175437125039709
1175434503803112
1179654212227909
1184063659809368
1192603051808672
1192627982570226
1201226892403343
1205477661142927
1209885298573199
1218389074532362
1222661849569959
1226948083533084
1235416664617341
1235551155161231
1235601720801020
1244163156652345
1248465117564209
1252761440826343
1265664088765752
1265668117464554
1265689800638377
1269892895407092
1274313447558835
1282824849450694
1287089152361640
1287142891119689
1291384330786585
1304268855833115
1304298248500719
1308629861912171
1317018023804401
1662997863808907
1321364070840779
1321364524561818
1535138317051375
1330075224653138
1334343049174794
1334394519309018
1342887582822121
1342928676445691
1351457593888044
1355770701657581
1364432836534629
1364450942792976
1364453925769317
1377262584178217
1381545133082188
1385923418661683
1390010399323614
1390017795589101
1398782948349548
1403017616006413
1130134884688203
1134535269195276
1151596880862008
1151598332226819
1151667986790447
1156009018141906
1160087327758910
1164487071185385
1164572708885214
1177459017369129
1181656609154898
1185998571262424
1186022351777822
1190285109196365
1198710682011309
1198852121653178
1207444278810829
1211768880652168
1211787281594097
1220390998760008
1220389592406186
1224648468647536
1233230736612792
1609483095269501
1237518201459878
1241863526109621
1241889768222302
1246125285523586
1254680743811418
1259008483822364
1263327618628192
1271918154844955
1271917592811055
1280454334997329
1284827548832473
1289031953189965
1297685693264162
1297746807155445
1306152846422129
1310522297006973
1310563162024476
1319015081066353
1327675561897960
1332121285330730
1336347532742608
1340649971018676
1349201579750019
1349231932925609
1357870127556346
1357897021325498
1366428864971809
1374818593390582
1374844635087206
1383586985403166
1383630868023534
1392230314178830
1392227612331263
1400784679741608
1405020992355487
1405019289633209
1127914278571766
1136408548725126
1145091044940153
1145090223584934
1149253240413827
1153578054432802
1553043092744999
1157938611935482
1162187114370329
1166560086818664
1179386020026828
1179404544563229
1179454291577366
1183706608498342
1188038922012893
1192355520462676
1200898801997302
1200943910252972
1209469515100792
1679485011576273
1218049072084761
1218086411997605
1226614025426836
1226648215128391
1230852001367500
1239613295709954
1243825443915275
1248193834817009
1248811269421669
1256736062197751
1261008199517189
1261010020382370
1269705204510906
1273912947222476
1291135878777910
1291195842546018
1295346204673695
1295420372240350
1303897762948332
1303998202139345
1312479533268005
1316664576738405
1321130668175383
1321178318356404
1325400209262747
1333990787796987
1334020868839699
1338377081200730
1351201807350235
1351223174013733
1351229108315365
1364102310463271
1364113336921822
1368337115010653
1381126176584837
1381205763104382
1381286119438765
1389833367536431
1389861345998291
1398500742536965
1402718379710280
1134156786310141
1134159650496195
1146987262965989
1146986491120149
1147054132588686
1155609065060836
1155665493369025
1164229744161623
1172796106971372
1172818702670049
1181431311457946
1185669980650628
1185719738518991
1194328240734706
1198516677544846
1198603850704519
1207112849096723
1215795190667582
1215798585304357
1219990256982923
1228595849345084
1228619590147286
1232891044751369
1237298676880867
1245855261058314
1250061824818813
1258692354954152
1262963432677775
1262989013156972
1267300828330541
1275846012535736
1280170981422466
1280190925631951
1288813248644576
1288812330161851
1297402229578283
1297405146899748
1305973889169682
1305995081386868
1314525179611910
1318827777165136
1323076209904236
1323123388965240
1331761264731321
1340239712407976
1340237064593866
1348831596940707
1353180627297016
1357413748685727
1357417188881885
1366054923811521
1366191480913564
1374643765831908
1378996602865105
1379006901850225
1383290304245336
1391701162196822
1396103167935132
1400461115042782
1404785712859570
1131851801598353
1136124744067149
1136133334001741
1136141677474469
1144755068510166
1144755008195411
1153347970674049
1157324972313689
1174658422628146
1174763497668806
1179040481206718
1179052192678853
1179104555281783
1179116935078029
1187618225723069
1187812040905262
1200628607038841
1200649898321292
1200686669115341
1209165169786368
1213373977522284
1217735629072913
1226288938134116
1226287849157563
1226463157271250
1234961832672916
1239151108092989
1243527377937813
1247791323492661
1252124380679955
1252192482405661
1260712120665177
1269280921205374
1269308787644150
1277873218233691
1282159838195526
1762251604367505
1290751682192579
1290808251900618
1299337809302388
1307910067547723
1307957811228215
1312228862970495
1316498843075829
1320786271787794
1329487105934342
1329488427081749
1333708229412432
1338046292311308
1342285172578076
1350902096707650
1350905050791829
1359456269484225
1368035254506226
1372357285975792
1372388637377948
1380970832270901
1380970122535077
1398179202712881
1398179171678479
1398232091877397
1402381710599629
1133798105703882
1133855827653370
1138059690649756
1142431684454961
1146695724917900
1150998103544673
1155300350965529
1163915111501504
1163934871672488
1172529762620212
1172528208581908
1181049314692839
1185543449119868
1189583294808356
1189687184259140
1198254590028894
1202415889269980
